n=150 min=39 max=49
001	47	外在處境只是內在狀態的投影，想改人生結果必須先改思想這個原因，繼續在後果上掙扎只會複製舊畫面。
002	49	內在一調和，外在的人事物會逐漸排成對應的秩序；內在一紛亂，環境、身體與關係也只會跟著複製那份紛亂。
003	44	真正發號施令的是靈性的自我，身體只是執行工具，把自我錯認成肉體，就會被感官與疲勞牽著走。
004	45	人能主動運用的創造力只有思想這一項，其餘可見條件都是思想已經種下之後，才慢慢長出來的果實。
005	49	入門練習是獨處端坐，讓身體完全靜止十五到三十分鐘，連續數日只練身不動，思緒可以流動但肌肉不跟著跑。
006	49	最初幾天不要鎮壓念頭，唯一任務是把身體交給意志完全管住；身能真正不動，後面的心智專注才有地基可站。
007	45	靜坐未穩就急著做心像與肯定語句，等於在發抖的手上畫施工圖，後面依序加深的練習也會跟著失真。
008	43	潛意識不爭辯也不睡覺，只接收意識反覆印入的畫面與判斷，並按照那份模型去組織機會與經驗。
009	43	意識心智透過腦脊髓神經與五官收集資料，負責選擇與比較，並決定哪些印象有資格被接受為真。
010	44	太陽神經叢是交感神經的中樞，潛意識經這條通道連向更廣大的宇宙心智，因此內在閘門決定流量。
011	44	要把目標做成現實，須由意識把清晰目的交給潛意識去尋途徑，而不是用意志硬拖每一個生活細節。
012	44	已經成形的處境都是先前被接受的思想之果，若只埋怨現況卻不更換原因，等於繼續為舊種子澆水。
013	45	印入潛意識的畫面必須明確、反覆，並且帶著「這就是真的」的確信，含糊願望形不成可施工的藍圖。
014	43	入睡之後意識可以休息，潛意識卻仍按白天的印記運作，臨睡前反芻恐懼，等於整夜把恐懼做實。
015	45	意識口頭要這個、潛意識卻怕那個，兩套訂單在體內對衝，力量互相抵消，外顯就會變成拖延與反覆。
016	46	恐懼、憤怒與憂慮會使太陽神經叢收縮，等於把通往宇宙心智的閘門從內側鎖上，靈感與活力都進不來。
017	42	穩定的信心、善意與安定感會讓太陽神經叢重新開放，生命力、靈感與恢復力才有路可流進來。
018	42	進階靜坐要在身體完全不動之後，進一步讓心也空白，練習暫停感官議論，只保持清明的覺知。
019	45	意識與潛意識的協調一旦練到不必提醒就自動維持，原則才算進了神經系統，而不再只是聽過的觀念。
020	43	若日常一觸即怒或即懼，表示通道尚未練到自動；把微小刺激當訓練場，比長篇自我打氣更切實。
021	43	任何外在成果都必須先在思想裡被造出來，心中沒有清楚形式，手上再忙也組裝不出對應的結構。
022	42	把自我等同於身體，或等同於腦中吵鬧，都會讓工具取代主人，思想便失去更換畫面的主導權。
023	43	平常反覆想什麼，性格與際遇就慢慢結晶成什麼，這是持續的造形過程，不是偶爾許願就能改軌。
024	44	攻擊性念頭、抱怨與自憐同樣具有造形力，只是造出來的是窄路、衝突，以及不斷需要辯護的處境。
025	42	建設性思考預先看見有用的形式，並拒絕給破壞性畫面提供注意力當燃料，造形力才用在建造。
026	43	唯有能觀察到「我正在想」的那一層，才有資格更換念頭，否則整個人只是被念頭騎著跑的乘客。
027	43	清晰心像須先在內在完成，潛意識才去尋找途徑與材料；空喊願望卻沒有畫面，只是情緒放煙火。
028	43	所謂心靈掃除，就是清掉妒嫉、怨恨、憂懼這些舊家具；屋子若不騰空，新的理想就沒有落腳處。
029	42	掃過之後還必須讓心裡留出空白，新畫面才站得住；邊掃除邊回味舊怨，等於把垃圾再搬回來。
030	42	若反覆端詳匱乏的每一個細節，潛意識會以為那是要維持的現狀，於是匱乏繼續吸引更多匱乏。
031	41	閉上眼把一件熟悉物品的線條、質地與光影想清楚，是在訓練為理想繪製可用、穩定的心像。
032	44	若口中肯定富足、心中卻反覆播放破產畫面，潛意識只跟較鮮明的那一套走，言語再漂亮也是空轉。
033	43	每天定時做一次思想清倉，把無用畫面徹底搬走，比偶爾興奮地許一個大願更能真正改到原因層。
034	42	真正的專注是把一個念頭維持到意識裡暫時沒有第二個聲音，讓注意力不再向雜事與擔心洩漏。
035	44	一切能力的起點都是注意；注意放在哪裡，生命力就集中到哪裡，其餘事物自動退成可忽略的背景。
036	42	若心智整天散亂，潛意識就收不到清楚指令，再忙碌也只是在加強雜訊，難以形成穩定的吸引。
037	42	練習盯住一件實物，直到紋理、陰影與邊緣都被真正看見，才能把飄忽的注意釘回當下這一點。
038	42	讓身體完全靜止，能減少感官出來搶戲，內在專注才不至於被姿勢調整、癢與小動作反覆打斷。
039	41	若把焦距對準問題本身，只會把問題放大成更實的心像；應對準「已經解決」時的完整畫面。
040	42	受過訓練的注意力會像磁石一樣工作，把與目標同類的人物、消息、工具與時機從生活裡吸近。
041	44	須先理想化，再做成心像，然後才有外在實現；跳過前兩步去抓果實，只是在已經定型的果上掙扎。
042	41	建築師在第一塊磚放下之前已經看見整棟樓，人生同樣必須先有可施工、可核對的內在圖樣。
043	41	心中看見未來時，必須連「已經擁有」的身體感受一起編進去，否則只是冷眼旁觀的幻燈片。
044	43	尚未發生的生活條件，早已先以思想形式存在，外在物質世界不過是把那內在形式慢慢翻譯出來。
045	43	練習先把一位友人的面貌想得清晰穩定，再把渴望的生活場景同樣想清晰，複雜度可以逐次增加。
046	42	內在藍圖不可每週改版一次；搖擺的心像等於告訴潛意識還沒決定，力量便在兩個圖之間分散。
047	45	真正決定命運的是整天預設在流淌的思路習慣，而不是偶爾熱血時背一次漂亮句子就能把軌道扳過來。
048	42	養成追問每個結果背後的思想原因，就能停止在表象上打轉，把力氣用回到仍可更換的那個因。
049	41	大腦只是意識心智的儀器，要靠有紀律的注意與用詞來校準，不能放任它整天廣播舊日恐懼。
050	41	創造性思考會主動組合資源、看出缺口與機會，而不是把舊怨的錄音反覆播放，消耗造形力。
051	41	閒來批評他人其實是在練習破壞性創造，形態力被用在拆解上面，建造用的注意力就被抽走。
052	44	念頭裡剛冒出「我做不到」這句舊指令，就立刻換上能力已經在場的畫面，絕不讓舊句子完成印入。
053	42	健康、財富與愛三者齊備，才稱得上完整有力量的人生；缺了一項，力量會不斷漏向那塊空洞。
054	42	單有力量而無愛容易變成壓制，單有愛而無條理容易變成消耗，所謂完整是要求兩者同時在場。
055	41	真正的完整感來自內在不承認自己短缺，而不是等外在條件到齊才允許自己以完整的人行動。
056	41	愛能使分散的思想重新合一，並且讓行動帶著建設性，而不是帶著掠奪、比較與報復的尖刺。
057	40	關於健康的肯定必須與和諧的心智一致；若把身體當成敵人來打仗，只會加深分裂與緊張。
058	41	若心中目標彼此打架，潛意識會收到兩套相反訂單，意志再強也只會內耗，成果便停在半途。
059	41	自然界的供給本就豐盛，所謂匱乏多半是心智對供給作出緊縮解讀，再把那份緊縮活成日常。
060	41	金錢其實是一種服從法則的能量形式，它流向與之相配的思想狀態，而不是流向哀求與抱怨。
061	42	富足的心智會吸引通道、合作與點子進來；匱乏的心智則吸引延遲、爭執，以及一再關上的門。
062	40	人真正吸引來的，不是嘴上宣布想要的那種生活，而是自己持續當作「已經真實」的模型。
063	41	先承認供給已經在運作並獻上感謝，內在感受一打開，潛意識才會停止用飢餓訊號關閉閘門。
064	41	因為害怕明天而拼命囤積，骨子裡仍是貧窮思想在指揮，太陽神經叢一樣會把閘門收緊不放。
065	42	向宇宙心智提出明確需求時，應當把它當成用不盡的源頭，接著用行動去迎接對應出現的途徑。
066	42	歸納推理是從已經看見的果，追到尚看不見的因，用法則解釋秩序，而不是用迷信去解釋偶然。
067	42	精神層面上的法則與物理法則同樣精確，差別只在它作用於思想、感受，以及隨後凝結的形態。
068	41	各時代智者使用不同語言，指的卻是同一件事：內在原因決定外在秩序，人必須在因上工作。
069	42	真正嚴謹的科學態度與真正的內在法則會在因果上相遇，兩者都拒絕把表面偶然當成最終答案。
070	42	最核心的理解是看清思想為因、處境為果，其後所有靜坐、心像與肯定，都只是這理解的應用。
071	42	一旦真正看見法則在運作，儀式化的僥倖心理會脫落，剩下的是可每天重複的和諧與專注訓練。
072	42	凡被注意力長期握住的事物都會生長變實；從沒被握住的願望，再美好也只會留在清單上發呆。
073	42	想吸引美好事物進來，必須停止在心裡彩排災難細節，因為那場彩排同樣是在向潛意識下訂單。
074	42	說出口的每一句話都是澆鑄潛意識的模具，含糊、咒罵與諷刺都會在成果上留下不必要的毛邊。
075	41	須把一條原則反覆想到連身體也感覺它為真為止，這樣的專注才算完成一輪有效的印入工作。
076	40	若慾望很大但注意力碎成片，能量會在白日夢裡蒸發，下一步可執行的線索也就吸不進來。
077	41	真誠、善意與美的觀念本身就具有磁性，能把同類的人與事件從雜亂的生活之流裡分揀出來。
078	41	只要把終點的心像握穩，潛意識就會呈上方法、人名與時機，不必由意識提前發明全部台階。
079	41	靈感是宇宙心智經由內在通道送來的整塊答覆，常在安靜之後出現，很難從焦慮裡硬擠出來。
080	42	不必預先規定每一級台階必須長成什麼樣子，只要守住目的，同時對突然出現的線索保持靈敏。
081	42	真正的信心是預期方法將會出現，並在它出現時認得出來，而不是閉著眼否認眼前該做的作業。
082	43	等到第一個清楚可行的念頭出現，就立刻付諸行動，法則才完成從心像翻譯成物質條件的那一步。
083	41	若沒有明確心理等價物，夢想只是情緒氣泡，潛意識找不到尺寸、材料與工序，便無法開工。
084	41	破壞性念頭一露頭，就用建設性畫面立刻替換，這是把思想列車扳回路軌，而不是自我審判。
085	41	同類相聚這件事並不講人情，種下什麼因就招集什麼類的人與事，恐懼與感恩同樣會被放大。
086	41	把守心智大門必須當成每天的操練，先決定哪些畫面准許進駐，哪些畫面只准路過不准安家。
087	41	反覆重述舊日委屈，等於給舊因再覆蓋一次章，傷口被語言一次次沖洗，舊形態就不肯散去。
088	39	改用鮮明的新畫面去覆蓋舊畫面，比用力按住不想要的想法，更快恢復正向的生命電流。
089	42	每個夜晚回看今天哪些念頭值得當成原因留下，哪些必須在明日切斷供水，以免舊因過夜繁殖。
090	41	愛能讓思想帶上生命力；缺少愛的念頭即使推理嚴密，也像沒有電流的線路，點不亮任何燈。
091	41	與人和諧相處，會讓太陽神經叢向外輻射，機會、合作與健康的訊息常常跟著那份溫暖而來。
092	41	懷著仇恨、輕蔑與報復會把創造力短路，思想再精密也長不出活的成果，只會長出新的敵人。
093	42	善意與實際服務是愛在生活裡的可操作形式，能讓理想離開自我獨白，進入真實的交換與貢獻。
094	39	有生命力的思想會帶著安定、慷慨與清楚，身體比較鬆，不必靠催逼自己也能持續行動。
095	41	枯死的思想又尖又隔絕，並伴隨緊繃與算計，潛意識會按那股寒氣去凝結對應的人際與機會。
096	42	理想必須像工程圖一樣被穩定握住，直到外在材料開始按圖到齊；中途若撤圖，工地就會停擺。
097	40	眼睛若一直盯著眼前短缺不放，就等於用現況否決藍圖，潛意識會立刻改回舊的施工說明。
098	41	一份理想必須含有形式、用途與感受，只含糊地希望「變好一點」，無法指揮任何具體細節。
099	42	真正費力的內在工作，是把心理等價物維持穩定，而不是在焦慮裡把外表看起來的忙碌再加倍。
100	41	外在條件會繞著一個穩定的內在圖案重新排列，這既需要時間，更需要持圖的人不反覆改圖。
101	41	若把尚未成熟的心像拿去給人評理，容易被懷疑戳破；種子需要一段不受打擾的黑暗來生根。
102	40	眼睛看見的表象只是已經完成的果，不是正在立法的因；跟隨表象走路，等於服從舊法令。
103	41	深層渴望其實指出生命要展開的方向，它比鄰居眼光或當下帳戶餘額更接近真正的內在原因。
104	40	若只憑眼睛所見的缺乏來做決定，就是繼續為舊因公開作證，新種下的因便插不進生活裡。
105	40	真正的信心注視尚未入眼的圖案，並且按那圖案採取步驟，而不是跟症狀辯論誰比較大聲。
106	41	不必假裝帳單與病徵完全不存在，但在種植新因的時候，不可把它們奉為最終且唯一的權威。
107	40	成長的飢渴本身就證明還有未使用的容量，若把渴望壓下去，力量往往改道成煩躁與妒嫉。
108	46	靜默是接通宇宙心智的總機台，頭腦若被憂慮佔滿所有線路，更大的智慧即使已經在撥號也進不了意識。
109	40	內在洞察往往以完整觀念一次降臨，這完全不同於憂慮那種繞著同一缺口不停打轉的推論。
110	43	所謂直覺，是潛意識從更廣場域帶回的報告，要用平靜的行動去檢驗，而不是先用恐懼把它否決。
111	40	要坐到內在議論自然停下之後再傾聽，答案常常已經停在安靜裡，不必再用更多字去逼問。
112	40	正確的態度是與法則保持和諧，而不是把宇宙擬人化之後，再靠哀求或討價還價去換特權。
113	40	那些細微而安定的知覺，往往比情緒高潮裡的大聲保證更可靠，也更能經得起隔日的檢驗。
114	40	一旦明白因果位在內在而不在外，外在風暴就不能再自動立法，規定你今天必須跟著恐慌。
115	41	每一個人都是無限力量的個別化中心，內在穩定來自記得這件事，而不是來自環境先開保證。
116	41	真正的平安不是逃到無人的地方去躲，而是把注意力放回正確的因，讓果在法則裡自行改道。
117	45	以「已經持有」為內容的心理等價物若能依法守住，外在風波一時搶不走你在內在已經成立的所有權。
118	41	先在微小惱怒裡練習身體完全不動、心思不跟著作亂，大衝擊來時神經系統才有現成的安定。
119	40	真正能發令的治理權只存在於內在世界；若想靠操縱外在來換安心，節奏永遠會慢上半拍。
120	40	真正的智慧並不棲息在熱鬧意見堆裡，而在能夠靜下來、聽得見自己的那個內在自我之中。
121	40	所謂有效的祈願，是承認無限已在內在運作，而不是把一份更長的匱乏清單念給遠方去聽。
122	40	唯有把注意轉回內心，才能找到可更換的原因；一直在外面尋找開關，只會離家越來越遠。
123	41	權力、機會與答案若只向外不停追趕，就會錯過體內太陽神經叢這座閘門，流量便無從調節。
124	44	每日必須回到身體完全靜止與心智安靜，通往宇宙心智的通道才不會被感官戲碼、閒話與焦慮淤塞。
125	42	無限並非住在遠方的贊助者，而是已經在內在的源頭，正確方法是認出它在場，不是向外懇求。
126	42	過於狹小的理想只能鑄出狹小的模子，潛意識會非常忠實地按那張小圖去施工，不會自動加蓋。
127	41	靈性自我有資格接受法則所能供給的最好事物，反覆自我貶抑就等於否認自己與源頭的連結。
128	41	反覆的自卑獨白會關閉太陽神經叢，再周密的計劃也送不進宇宙心智，外在便缺少活的回應。
129	40	人必須敢把目標寫得既偉大而且具體，意識才交給潛意識一份配得上那份力量的清楚訂單。
130	42	所用的肯定語句必須配得上內在存有的尊嚴；若用哀求腔說話，等於把身份暗示成永遠的乞丐。
131	39	若習慣接受殘羹剩飯當作命運，等於訓練潛意識把短缺當成正常配額，日後就很難改口。
132	40	疾病常常是思想失調在組織上的可見化，內在調和一旦恢復，身體才有機會重寫那些訊號。
133	42	真正的療癒來自內在，要讓太陽神經叢這內在的太陽重新發光，而不是只在症狀表面不斷作戰。
134	41	藥物可以幫助處理果的層次，可是若因仍是恐懼、怨恨與緊繃，舊因會把效果慢慢抵消回去。
135	41	應當把身體看成和諧完整的觀念來注視，而不是每天點名每一處不適，以免把病徵越描越實。
136	42	害怕生病這件事本身就是在繪製疾病的心像，潛意識往往分不清「極力不想要」與「正在要」。
137	43	思想、休息與人際三方面和諧一致時，健康較易歸來；若三者互相打架，療癒就只停在口頭安慰。
138	41	有用的服務正是創造性思想的落地形式，價值一被造出並且被人需要，交換自然就有了軌道。
139	40	必須先把真實價值交出去，流通才開始；若心裡只盤算獲取，通道會變成單向堵塞的死巷。
140	40	事業成敗服從與健康相同的內在法則：因在思想品質與服務品質，果才出現在帳目與名聲。
141	40	若不付出就想收割，等於要求法則為某個人破例；這種矛盾會讓閘門按不和諧的程度關上。
142	44	把服務做得更精、更及時、更難被取代，回報依法則必須上升，因為先增加了世界裡可交換的價值。
143	42	所謂財富，其實是被他人承認並願意拿來交換的儲存服務，而不是從虛空裡喊出來的數字遊戲。
144	41	真實的自己是使用心智與身體的靈性自我，不是那具會疲勞的工具，也不是陰晴不定的情緒。
145	41	若只看見人格、履歷與外表角色，等於只看見樂器而看不見演奏者，內在力量便被整段低估。
146	44	所謂真理，就是思想與無限法則相應；一旦相應，內在節奏與外在事件會開始互相翻譯而不再打架。
147	41	在真理的眼光裡並沒有本質上的短缺，有的只是尚未被理解、尚未被和諧使用的法則與通道。
148	42	整套訓練按週推進，最後仍要按內在治理已經成立來生活，讓行為成為心像的延續而不是反證。
149	42	後世談論成就的人，有的公開承認成果多半來自這套身體靜止、心智專注與建設性思考的訓練。
150	43	能與法則和諧，讓意識與潛意識協調，並用愛給思想接上生命力，這才是可每天重複的內在工法。
SHORT_IDS=3,8,9,10,11,12,14,17,18,20,21,22,23,24,25,26,27,28,29,30,31,32,33,34,35,36,37,38,39,40,41,42,43,44,45,46,48,49,50,51,52,53,54,55,56,57,58,59,60,61,62,63,64,65,66,67,68,69,70,71,72,73,74,75,76,77,78,79,80,81,82,83,84,85,86,87,88,89,90,91,92,93,94,95,96,97,98,99,100,101,102,103,104,105,106,107,109,110,111,112,113,114,115,116,118,119,120,121,122,123,124,125,126,127,128,129,130,131,132,133,134,135,136,137,138,139,140,141,142,143,144,145,146,147,148,149,150
short_count=137 ok_count=13